21 21
0.0    0.0    0.0    0.0    0.0    0.0    0.0    0.209    0.212    0.214    0.215    0.214    0.212    0.209    0.0    0.0    0.0    0.0    0.0    0.0    0.0    
0.0    0.0    0.0    0.0    0.0    0.211    0.216    0.221    0.224    0.227    0.228    0.227    0.224    0.221    0.216    0.211    0.0    0.0    0.0    0.0    0.0    
0.0    0.0    0.0    0.0    0.215    0.222    0.228    0.234    0.239    0.242    0.243    0.242    0.239    0.234    0.228    0.222    0.215    0.0    0.0    0.0    0.0    
0.0    0.0    0.0    0.216    0.224    0.233    0.242    0.25    0.257    0.261    0.263    0.261    0.257    0.25    0.242    0.233    0.224    0.216    0.0    0.0    0.0    
0.0    0.0    0.215    0.224    0.235    0.247    0.258    0.269    0.279    0.285    0.288    0.285    0.279    0.269    0.258    0.247    0.235    0.224    0.215    0.0    0.0    
0.0    0.211    0.222    0.233    0.247    0.261    0.277    0.293    0.307    0.318    0.322    0.318    0.307    0.293    0.277    0.261    0.247    0.233    0.222    0.211    0.0    
0.0    0.216    0.228    0.242    0.258    0.277    0.298    0.322    0.345    0.364    0.372    0.364    0.345    0.322    0.298    0.277    0.258    0.242    0.228    0.216    0.0    
0.209    0.221    0.234    0.25    0.269    0.293    0.322    0.357    0.399    0.438    0.455    0.438    0.399    0.357    0.322    0.293    0.269    0.25    0.234    0.221    0.209    
0.212    0.224    0.239    0.257    0.279    0.307    0.345    0.399    0.476    0.579    0.644    0.579    0.476    0.399    0.345    0.307    0.279    0.257    0.239    0.224    0.212    
0.214    0.227    0.242    0.261    0.285    0.318    0.364    0.438    0.579    1.0    0.0    1.0    0.579    0.438    0.364    0.318    0.285    0.261    0.242    0.227    0.214    
0.215    0.228    0.243    0.263    0.288    0.322    0.372    0.455    0.644    0.0    0.0    0.0    0.644    0.455    0.372    0.322    0.288    0.263    0.243    0.228    0.215    
0.214    0.227    0.242    0.261    0.285    0.318    0.364    0.438    0.579    1.0    0.0    1.0    0.579    0.438    0.364    0.318    0.285    0.261    0.242    0.227    0.214    
0.212    0.224    0.239    0.257    0.279    0.307    0.345    0.399    0.476    0.579    0.644    0.579    0.476    0.399    0.345    0.307    0.279    0.257    0.239    0.224    0.212    
0.209    0.221    0.234    0.25    0.269    0.293    0.322    0.357    0.399    0.438    0.455    0.438    0.399    0.357    0.322    0.293    0.269    0.25    0.234    0.221    0.209    
0.0    0.216    0.228    0.242    0.258    0.277    0.298    0.322    0.345    0.364    0.372    0.364    0.345    0.322    0.298    0.277    0.258    0.242    0.228    0.216    0.0    
0.0    0.211    0.222    0.233    0.247    0.261    0.277    0.293    0.307    0.318    0.322    0.318    0.307    0.293    0.277    0.261    0.247    0.233    0.222    0.211    0.0    
0.0    0.0    0.215    0.224    0.235    0.247    0.258    0.269    0.279    0.285    0.288    0.285    0.279    0.269    0.258    0.247    0.235    0.224    0.215    0.0    0.0    
0.0    0.0    0.0    0.216    0.224    0.233    0.242    0.25    0.257    0.261    0.263    0.261    0.257    0.25    0.242    0.233    0.224    0.216    0.0    0.0    0.0    
0.0    0.0    0.0    0.0    0.215    0.222    0.228    0.234    0.239    0.242    0.243    0.242    0.239    0.234    0.228    0.222    0.215    0.0    0.0    0.0    0.0    
0.0    0.0    0.0    0.0    0.0    0.211    0.216    0.221    0.224    0.227    0.228    0.227    0.224    0.221    0.216    0.211    0.0    0.0    0.0    0.0    0.0    
0.0    0.0    0.0    0.0    0.0    0.0    0.0    0.209    0.212    0.214    0.215    0.214    0.212    0.209    0.0    0.0    0.0    0.0    0.0    0.0    0.0    