21 21
0.0    0.0    0.0    0.0    0.0    0.0    0.0    0.13    0.134    0.136    0.137    0.136    0.134    0.13    0.0    0.0    0.0    0.0    0.0    0.0    0.0    
0.0    0.0    0.0    0.0    0.0    0.132    0.139    0.145    0.15    0.153    0.154    0.153    0.15    0.145    0.139    0.132    0.0    0.0    0.0    0.0    0.0    
0.0    0.0    0.0    0.0    0.137    0.146    0.155    0.163    0.17    0.174    0.176    0.174    0.17    0.163    0.155    0.146    0.137    0.0    0.0    0.0    0.0    
0.0    0.0    0.0    0.138    0.15    0.162    0.174    0.186    0.196    0.203    0.205    0.203    0.196    0.186    0.174    0.162    0.15    0.138    0.0    0.0    0.0    
0.0    0.0    0.137    0.15    0.164    0.181    0.198    0.216    0.231    0.242    0.246    0.242    0.231    0.216    0.198    0.181    0.164    0.15    0.137    0.0    0.0    
0.0    0.132    0.146    0.162    0.181    0.203    0.228    0.255    0.281    0.3    0.308    0.3    0.281    0.255    0.228    0.203    0.181    0.162    0.146    0.132    0.0    
0.0    0.139    0.155    0.174    0.198    0.228    0.264    0.308    0.355    0.394    0.41    0.394    0.355    0.308    0.264    0.228    0.198    0.174    0.155    0.139    0.0    
0.13    0.145    0.163    0.186    0.216    0.255    0.308    0.38    0.472    0.569    0.616    0.569    0.472    0.38    0.308    0.255    0.216    0.186    0.163    0.145    0.13    
0.134    0.15    0.17    0.196    0.231    0.281    0.355    0.472    0.673    0.996    1.231    0.996    0.673    0.472    0.355    0.281    0.231    0.196    0.17    0.15    0.134    
0.136    0.153    0.174    0.203    0.242    0.3    0.394    0.569    0.996    2.972    0.0    2.972    0.996    0.569    0.394    0.3    0.242    0.203    0.174    0.153    0.136    
0.137    0.154    0.176    0.205    0.246    0.308    0.41    0.616    1.231    0.0    0.0    0.0    1.231    0.616    0.41    0.308    0.246    0.205    0.176    0.154    0.137    
0.136    0.153    0.174    0.203    0.242    0.3    0.394    0.569    0.996    2.972    0.0    2.972    0.996    0.569    0.394    0.3    0.242    0.203    0.174    0.153    0.136    
0.134    0.15    0.17    0.196    0.231    0.281    0.355    0.472    0.673    0.996    1.231    0.996    0.673    0.472    0.355    0.281    0.231    0.196    0.17    0.15    0.134    
0.13    0.145    0.163    0.186    0.216    0.255    0.308    0.38    0.472    0.569    0.616    0.569    0.472    0.38    0.308    0.255    0.216    0.186    0.163    0.145    0.13    
0.0    0.139    0.155    0.174    0.198    0.228    0.264    0.308    0.355    0.394    0.41    0.394    0.355    0.308    0.264    0.228    0.198    0.174    0.155    0.139    0.0    
0.0    0.132    0.146    0.162    0.181    0.203    0.228    0.255    0.281    0.3    0.308    0.3    0.281    0.255    0.228    0.203    0.181    0.162    0.146    0.132    0.0    
0.0    0.0    0.137    0.15    0.164    0.181    0.198    0.216    0.231    0.242    0.246    0.242    0.231    0.216    0.198    0.181    0.164    0.15    0.137    0.0    0.0    
0.0    0.0    0.0    0.138    0.15    0.162    0.174    0.186    0.196    0.203    0.205    0.203    0.196    0.186    0.174    0.162    0.15    0.138    0.0    0.0    0.0    
0.0    0.0    0.0    0.0    0.137    0.146    0.155    0.163    0.17    0.174    0.176    0.174    0.17    0.163    0.155    0.146    0.137    0.0    0.0    0.0    0.0    
0.0    0.0    0.0    0.0    0.0    0.132    0.139    0.145    0.15    0.153    0.154    0.153    0.15    0.145    0.139    0.132    0.0    0.0    0.0    0.0    0.0    
0.0    0.0    0.0    0.0    0.0    0.0    0.0    0.13    0.134    0.136    0.137    0.136    0.134    0.13    0.0    0.0    0.0    0.0    0.0    0.0    0.0    